[[[1000    0]
  [ 519    4]
  [   0    0]]

 [[ 257  593]
  [   0 1000]
  [   0    0]]

 [[ 519    4]
  [ 339  417]
  [   0    0]]

 [[ 339  417]
  [ 257  593]
  [   0    0]]

 [[ 540  947]
  [1000 1000]
  [   0 1000]]

 [[ 675  408]
  [ 519    4]
  [1000    0]]

 [[ 745  427]
  [ 675  408]
  [1000    0]]

 [[ 432  406]
  [ 339  417]
  [ 519    4]]

 [[ 339  417]
  [ 370  477]
  [ 257  593]]

 [[ 257  593]
  [ 463  754]
  [   0 1000]]

 [[ 463  754]
  [ 540  947]
  [   0 1000]]

 [[ 432  406]
  [ 417  445]
  [ 339  417]]

 [[ 370  477]
  [ 417  445]
  [ 420  466]]

 [[ 417  445]
  [ 370  477]
  [ 339  417]]

 [[ 500  424]
  [ 432  406]
  [ 519    4]]

 [[ 417  445]
  [ 474  477]
  [ 420  466]]

 [[ 474  477]
  [ 417  445]
  [ 432  406]]

 [[ 500  424]
  [ 474  477]
  [ 432  406]]

 [[ 491  642]
  [ 463  754]
  [ 257  593]]

 [[ 675  408]
  [ 620  426]
  [ 519    4]]

 [[ 620  426]
  [ 500  424]
  [ 519    4]]

 [[ 370  477]
  [ 421  490]
  [ 257  593]]

 [[ 421  490]
  [ 491  642]
  [ 257  593]]

 [[ 421  490]
  [ 370  477]
  [ 420  466]]

 [[ 474  477]
  [ 421  490]
  [ 420  466]]

 [[ 491  642]
  [ 421  490]
  [ 474  477]]

 [[ 540  947]
  [ 635  759]
  [1000 1000]]

 [[ 491  642]
  [ 552  740]
  [ 463  754]]

 [[ 671  464]
  [ 620  426]
  [ 675  408]]

 [[ 671  464]
  [ 675  408]
  [ 745  427]]

 [[ 463  754]
  [ 544  807]
  [ 540  947]]

 [[ 544  807]
  [ 635  759]
  [ 540  947]]

 [[ 615  488]
  [ 474  477]
  [ 500  424]]

 [[ 620  426]
  [ 615  488]
  [ 500  424]]

 [[ 671  464]
  [ 615  488]
  [ 620  426]]

 [[ 615  488]
  [ 671  464]
  [ 667  477]]

 [[ 574  642]
  [ 615  488]
  [ 631  657]]

 [[ 574  642]
  [ 491  642]
  [ 474  477]]

 [[ 615  488]
  [ 574  642]
  [ 474  477]]

 [[ 552  740]
  [ 571  693]
  [ 635  759]]

 [[ 571  693]
  [ 631  657]
  [ 635  759]]

 [[ 571  693]
  [ 574  642]
  [ 631  657]]

 [[ 571  693]
  [ 552  740]
  [ 491  642]]

 [[ 574  642]
  [ 571  693]
  [ 491  642]]

 [[1000 1000]
  [ 769  629]
  [1000    0]]

 [[ 769  629]
  [ 745  427]
  [1000    0]]

 [[ 635  759]
  [ 769  629]
  [1000 1000]]

 [[ 631  657]
  [ 769  629]
  [ 635  759]]

 [[ 552  740]
  [ 550  762]
  [ 463  754]]

 [[ 550  762]
  [ 544  807]
  [ 463  754]]

 [[ 550  762]
  [ 552  740]
  [ 635  759]]

 [[ 544  807]
  [ 550  762]
  [ 635  759]]

 [[ 675  505]
  [ 615  488]
  [ 667  477]]

 [[ 615  488]
  [ 675  505]
  [ 631  657]]

 [[ 675  505]
  [ 769  629]
  [ 631  657]]

 [[ 769  629]
  [ 713  487]
  [ 745  427]]

 [[ 675  505]
  [ 713  487]
  [ 769  629]]

 [[ 713  487]
  [ 671  464]
  [ 745  427]]

 [[ 671  464]
  [ 713  487]
  [ 667  477]]

 [[ 713  487]
  [ 675  505]
  [ 667  477]]]








tris = [array([[[1000.,    0.],
        [ 519.,    4.],
        [   0.,    0.]],

       [[ 257.,  593.],
        [   0., 1000.],
        [   0.,    0.]],

       [[ 519.,    4.],
        [ 339.,  417.],
        [   0.,    0.]],

       [[ 339.,  417.],
        [ 257.,  593.],
        [   0.,    0.]],

       [[ 540.,  947.],
        [1000., 1000.],
        [   0., 1000.]],

       [[ 675.,  408.],
        [ 519.,    4.],
        [1000.,    0.]],

       [[ 745.,  427.],
        [ 675.,  408.],
        [1000.,    0.]],

       [[ 432.,  406.],
        [ 339.,  417.],
        [ 519.,    4.]],

       [[ 339.,  417.],
        [ 370.,  477.],
        [ 257.,  593.]],

       [[ 257.,  593.],
        [ 463.,  754.],
        [   0., 1000.]],

       [[ 463.,  754.],
        [ 540.,  947.],
        [   0., 1000.]],

       [[ 432.,  406.],
        [ 417.,  445.],
        [ 339.,  417.]],

       [[ 370.,  477.],
        [ 417.,  445.],
        [ 420.,  466.]],

       [[ 417.,  445.],
        [ 370.,  477.],
        [ 339.,  417.]],

       [[ 500.,  424.],
        [ 432.,  406.],
        [ 519.,    4.]],

       [[ 417.,  445.],
        [ 474.,  477.],
        [ 420.,  466.]],

       [[ 474.,  477.],
        [ 417.,  445.],
        [ 432.,  406.]],

       [[ 500.,  424.],
        [ 474.,  477.],
        [ 432.,  406.]],

       [[ 491.,  642.],
        [ 463.,  754.],
        [ 257.,  593.]],

       [[ 675.,  408.],
        [ 620.,  426.],
        [ 519.,    4.]],

       [[ 620.,  426.],
        [ 500.,  424.],
        [ 519.,    4.]],

       [[ 370.,  477.],
        [ 421.,  490.],
        [ 257.,  593.]],

       [[ 421.,  490.],
        [ 491.,  642.],
        [ 257.,  593.]],

       [[ 421.,  490.],
        [ 370.,  477.],
        [ 420.,  466.]],

       [[ 474.,  477.],
        [ 421.,  490.],
        [ 420.,  466.]],

       [[ 491.,  642.],
        [ 421.,  490.],
        [ 474.,  477.]],

       [[ 540.,  947.],
        [ 635.,  759.],
        [1000., 1000.]],

       [[ 491.,  642.],
        [ 552.,  740.],
        [ 463.,  754.]],

       [[ 671.,  464.],
        [ 620.,  426.],
        [ 675.,  408.]],

       [[ 671.,  464.],
        [ 675.,  408.],
        [ 745.,  427.]],

       [[ 463.,  754.],
        [ 544.,  807.],
        [ 540.,  947.]],

       [[ 544.,  807.],
        [ 635.,  759.],
        [ 540.,  947.]],

       [[ 615.,  488.],
        [ 474.,  477.],
        [ 500.,  424.]],

       [[ 620.,  426.],
        [ 615.,  488.],
        [ 500.,  424.]],

       [[ 671.,  464.],
        [ 615.,  488.],
        [ 620.,  426.]],

       [[ 615.,  488.],
        [ 671.,  464.],
        [ 667.,  477.]],

       [[ 574.,  642.],
        [ 615.,  488.],
        [ 631.,  657.]],

       [[ 574.,  642.],
        [ 491.,  642.],
        [ 474.,  477.]],

       [[ 615.,  488.],
        [ 574.,  642.],
        [ 474.,  477.]],

       [[ 552.,  740.],
        [ 571.,  693.],
        [ 635.,  759.]],

       [[ 571.,  693.],
        [ 631.,  657.],
        [ 635.,  759.]],

       [[ 571.,  693.],
        [ 574.,  642.],
        [ 631.,  657.]],

       [[ 571.,  693.],
        [ 552.,  740.],
        [ 491.,  642.]],

       [[ 574.,  642.],
        [ 571.,  693.],
        [ 491.,  642.]],

       [[1000., 1000.],
        [ 769.,  629.],
        [1000.,    0.]],

       [[ 769.,  629.],
        [ 745.,  427.],
        [1000.,    0.]],

       [[ 635.,  759.],
        [ 769.,  629.],
        [1000., 1000.]],

       [[ 631.,  657.],
        [ 769.,  629.],
        [ 635.,  759.]],

       [[ 552.,  740.],
        [ 550.,  762.],
        [ 463.,  754.]],

       [[ 550.,  762.],
        [ 544.,  807.],
        [ 463.,  754.]],

       [[ 550.,  762.],
        [ 552.,  740.],
        [ 635.,  759.]],

       [[ 544.,  807.],
        [ 550.,  762.],
        [ 635.,  759.]],

       [[ 675.,  505.],
        [ 615.,  488.],
        [ 667.,  477.]],

       [[ 615.,  488.],
        [ 675.,  505.],
        [ 631.,  657.]],

       [[ 675.,  505.],
        [ 769.,  629.],
        [ 631.,  657.]],

       [[ 769.,  629.],
        [ 713.,  487.],
        [ 745.,  427.]],

       [[ 675.,  505.],
        [ 713.,  487.],
        [ 769.,  629.]],

       [[ 713.,  487.],
        [ 671.,  464.],
        [ 745.,  427.]],

       [[ 671.,  464.],
        [ 713.,  487.],
        [ 667.,  477.]],

       [[ 713.,  487.],
        [ 675.,  505.],
        [ 667.,  477.]]]), array([[[1000.        ,    0.        ],
        [ 519.88888889,    4.        ],
        [   0.        ,    0.        ]],

       [[ 257.88888889,  588.66666667],
        [   0.        , 1000.        ],
        [   0.        ,    0.        ]],

       [[ 519.88888889,    4.        ],
        [ 336.11111111,  413.44444444],
        [   0.        ,    0.        ]],

       [[ 336.11111111,  413.44444444],
        [ 257.88888889,  588.66666667],
        [   0.        ,    0.        ]],

       [[ 541.        ,  942.33333333],
        [1000.        , 1000.        ],
        [   0.        , 1000.        ]],

       [[ 677.22222222,  403.77777778],
        [ 519.88888889,    4.        ],
        [1000.        ,    0.        ]],

       [[ 746.55555556,  426.77777778],
        [ 677.22222222,  403.77777778],
        [1000.        ,    0.        ]],

       [[ 425.66666667,  398.        ],
        [ 336.11111111,  413.44444444],
        [ 519.88888889,    4.        ]],

       [[ 336.11111111,  413.44444444],
        [ 370.11111111,  474.22222222],
        [ 257.88888889,  588.66666667]],

       [[ 257.88888889,  588.66666667],
        [ 462.77777778,  747.66666667],
        [   0.        , 1000.        ]],

       [[ 462.77777778,  747.66666667],
        [ 541.        ,  942.33333333],
        [   0.        , 1000.        ]],

       [[ 425.66666667,  398.        ],
        [ 416.55555556,  442.33333333],
        [ 336.11111111,  413.44444444]],

       [[ 370.11111111,  474.22222222],
        [ 416.55555556,  442.33333333],
        [ 419.55555556,  462.44444444]],

       [[ 416.55555556,  442.33333333],
        [ 370.11111111,  474.22222222],
        [ 336.11111111,  413.44444444]],

       [[ 496.88888889,  417.33333333],
        [ 425.66666667,  398.        ],
        [ 519.88888889,    4.        ]],

       [[ 416.55555556,  442.33333333],
        [ 473.55555556,  473.11111111],
        [ 419.55555556,  462.44444444]],

       [[ 473.55555556,  473.11111111],
        [ 416.55555556,  442.33333333],
        [ 425.66666667,  398.        ]],

       [[ 496.88888889,  417.33333333],
        [ 473.55555556,  473.11111111],
        [ 425.66666667,  398.        ]],

       [[ 489.33333333,  633.88888889],
        [ 462.77777778,  747.66666667],
        [ 257.88888889,  588.66666667]],

       [[ 677.22222222,  403.77777778],
        [ 618.22222222,  421.22222222],
        [ 519.88888889,    4.        ]],

       [[ 618.22222222,  421.22222222],
        [ 496.88888889,  417.33333333],
        [ 519.88888889,    4.        ]],

       [[ 370.11111111,  474.22222222],
        [ 420.88888889,  486.66666667],
        [ 257.88888889,  588.66666667]],

       [[ 420.88888889,  486.66666667],
        [ 489.33333333,  633.88888889],
        [ 257.88888889,  588.66666667]],

       [[ 420.88888889,  486.66666667],
        [ 370.11111111,  474.22222222],
        [ 419.55555556,  462.44444444]],

       [[ 473.55555556,  473.11111111],
        [ 420.88888889,  486.66666667],
        [ 419.55555556,  462.44444444]],

       [[ 489.33333333,  633.88888889],
        [ 420.88888889,  486.66666667],
        [ 473.55555556,  473.11111111]],

       [[ 541.        ,  942.33333333],
        [ 634.11111111,  752.88888889],
        [1000.        , 1000.        ]],

       [[ 489.33333333,  633.88888889],
        [ 550.88888889,  732.66666667],
        [ 462.77777778,  747.66666667]],

       [[ 670.88888889,  460.88888889],
        [ 618.22222222,  421.22222222],
        [ 677.22222222,  403.77777778]],

       [[ 670.88888889,  460.88888889],
        [ 677.22222222,  403.77777778],
        [ 746.55555556,  426.77777778]],

       [[ 462.77777778,  747.66666667],
        [ 544.33333333,  800.55555556],
        [ 541.        ,  942.33333333]],

       [[ 544.33333333,  800.55555556],
        [ 634.11111111,  752.88888889],
        [ 541.        ,  942.33333333]],

       [[ 615.11111111,  484.77777778],
        [ 473.55555556,  473.11111111],
        [ 496.88888889,  417.33333333]],

       [[ 618.22222222,  421.22222222],
        [ 615.11111111,  484.77777778],
        [ 496.88888889,  417.33333333]],

       [[ 670.88888889,  460.88888889],
        [ 615.11111111,  484.77777778],
        [ 618.22222222,  421.22222222]],

       [[ 615.11111111,  484.77777778],
        [ 670.88888889,  460.88888889],
        [ 667.22222222,  474.33333333]],

       [[ 571.11111111,  633.        ],
        [ 615.11111111,  484.77777778],
        [ 629.        ,  647.77777778]],

       [[ 571.11111111,  633.        ],
        [ 489.33333333,  633.88888889],
        [ 473.55555556,  473.11111111]],

       [[ 615.11111111,  484.77777778],
        [ 571.11111111,  633.        ],
        [ 473.55555556,  473.11111111]],

       [[ 550.88888889,  732.66666667],
        [ 568.44444444,  683.33333333],
        [ 634.11111111,  752.88888889]],

       [[ 568.44444444,  683.33333333],
        [ 629.        ,  647.77777778],
        [ 634.11111111,  752.88888889]],

       [[ 568.44444444,  683.33333333],
        [ 571.11111111,  633.        ],
        [ 629.        ,  647.77777778]],

       [[ 568.44444444,  683.33333333],
        [ 550.88888889,  732.66666667],
        [ 489.33333333,  633.88888889]],

       [[ 571.11111111,  633.        ],
        [ 568.44444444,  683.33333333],
        [ 489.33333333,  633.88888889]],

       [[1000.        , 1000.        ],
        [ 770.        ,  622.66666667],
        [1000.        ,    0.        ]],

       [[ 770.        ,  622.66666667],
        [ 746.55555556,  426.77777778],
        [1000.        ,    0.        ]],

       [[ 634.11111111,  752.88888889],
        [ 770.        ,  622.66666667],
        [1000.        , 1000.        ]],

       [[ 629.        ,  647.77777778],
        [ 770.        ,  622.66666667],
        [ 634.11111111,  752.88888889]],

       [[ 550.88888889,  732.66666667],
        [ 549.33333333,  755.55555556],
        [ 462.77777778,  747.66666667]],

       [[ 549.33333333,  755.55555556],
        [ 544.33333333,  800.55555556],
        [ 462.77777778,  747.66666667]],

       [[ 549.33333333,  755.55555556],
        [ 550.88888889,  732.66666667],
        [ 634.11111111,  752.88888889]],

       [[ 544.33333333,  800.55555556],
        [ 549.33333333,  755.55555556],
        [ 634.11111111,  752.88888889]],

       [[ 674.22222222,  501.66666667],
        [ 615.11111111,  484.77777778],
        [ 667.22222222,  474.33333333]],

       [[ 615.11111111,  484.77777778],
        [ 674.22222222,  501.66666667],
        [ 629.        ,  647.77777778]],

       [[ 674.22222222,  501.66666667],
        [ 770.        ,  622.66666667],
        [ 629.        ,  647.77777778]],

       [[ 770.        ,  622.66666667],
        [ 713.        ,  485.11111111],
        [ 746.55555556,  426.77777778]],

       [[ 674.22222222,  501.66666667],
        [ 713.        ,  485.11111111],
        [ 770.        ,  622.66666667]],

       [[ 713.        ,  485.11111111],
        [ 670.88888889,  460.88888889],
        [ 746.55555556,  426.77777778]],

       [[ 670.88888889,  460.88888889],
        [ 713.        ,  485.11111111],
        [ 667.22222222,  474.33333333]],

       [[ 713.        ,  485.11111111],
        [ 674.22222222,  501.66666667],
        [ 667.22222222,  474.33333333]]]), array([[[1000.        ,    0.        ],
        [ 520.77777778,    4.        ],
        [   0.        ,    0.        ]],

       [[ 258.77777778,  584.33333333],
        [   0.        , 1000.        ],
        [   0.        ,    0.        ]],

       [[ 520.77777778,    4.        ],
        [ 333.22222222,  409.88888889],
        [   0.        ,    0.        ]],

       [[ 333.22222222,  409.88888889],
        [ 258.77777778,  584.33333333],
        [   0.        ,    0.        ]],

       [[ 542.        ,  937.66666667],
        [1000.        , 1000.        ],
        [   0.        , 1000.        ]],

       [[ 679.44444444,  399.55555556],
        [ 520.77777778,    4.        ],
        [1000.        ,    0.        ]],

       [[ 748.11111111,  426.55555556],
        [ 679.44444444,  399.55555556],
        [1000.        ,    0.        ]],

       [[ 419.33333333,  390.        ],
        [ 333.22222222,  409.88888889],
        [ 520.77777778,    4.        ]],

       [[ 333.22222222,  409.88888889],
        [ 370.22222222,  471.44444444],
        [ 258.77777778,  584.33333333]],

       [[ 258.77777778,  584.33333333],
        [ 462.55555556,  741.33333333],
        [   0.        , 1000.        ]],

       [[ 462.55555556,  741.33333333],
        [ 542.        ,  937.66666667],
        [   0.        , 1000.        ]],

       [[ 419.33333333,  390.        ],
        [ 416.11111111,  439.66666667],
        [ 333.22222222,  409.88888889]],

       [[ 370.22222222,  471.44444444],
        [ 416.11111111,  439.66666667],
        [ 419.11111111,  458.88888889]],

       [[ 416.11111111,  439.66666667],
        [ 370.22222222,  471.44444444],
        [ 333.22222222,  409.88888889]],

       [[ 493.77777778,  410.66666667],
        [ 419.33333333,  390.        ],
        [ 520.77777778,    4.        ]],

       [[ 416.11111111,  439.66666667],
        [ 473.11111111,  469.22222222],
        [ 419.11111111,  458.88888889]],

       [[ 473.11111111,  469.22222222],
        [ 416.11111111,  439.66666667],
        [ 419.33333333,  390.        ]],

       [[ 493.77777778,  410.66666667],
        [ 473.11111111,  469.22222222],
        [ 419.33333333,  390.        ]],

       [[ 487.66666667,  625.77777778],
        [ 462.55555556,  741.33333333],
        [ 258.77777778,  584.33333333]],

       [[ 679.44444444,  399.55555556],
        [ 616.44444444,  416.44444444],
        [ 520.77777778,    4.        ]],

       [[ 616.44444444,  416.44444444],
        [ 493.77777778,  410.66666667],
        [ 520.77777778,    4.        ]],

       [[ 370.22222222,  471.44444444],
        [ 420.77777778,  483.33333333],
        [ 258.77777778,  584.33333333]],

       [[ 420.77777778,  483.33333333],
        [ 487.66666667,  625.77777778],
        [ 258.77777778,  584.33333333]],

       [[ 420.77777778,  483.33333333],
        [ 370.22222222,  471.44444444],
        [ 419.11111111,  458.88888889]],

       [[ 473.11111111,  469.22222222],
        [ 420.77777778,  483.33333333],
        [ 419.11111111,  458.88888889]],

       [[ 487.66666667,  625.77777778],
        [ 420.77777778,  483.33333333],
        [ 473.11111111,  469.22222222]],

       [[ 542.        ,  937.66666667],
        [ 633.22222222,  746.77777778],
        [1000.        , 1000.        ]],

       [[ 487.66666667,  625.77777778],
        [ 549.77777778,  725.33333333],
        [ 462.55555556,  741.33333333]],

       [[ 670.77777778,  457.77777778],
        [ 616.44444444,  416.44444444],
        [ 679.44444444,  399.55555556]],

       [[ 670.77777778,  457.77777778],
        [ 679.44444444,  399.55555556],
        [ 748.11111111,  426.55555556]],

       [[ 462.55555556,  741.33333333],
        [ 544.66666667,  794.11111111],
        [ 542.        ,  937.66666667]],

       [[ 544.66666667,  794.11111111],
        [ 633.22222222,  746.77777778],
        [ 542.        ,  937.66666667]],

       [[ 615.22222222,  481.55555556],
        [ 473.11111111,  469.22222222],
        [ 493.77777778,  410.66666667]],

       [[ 616.44444444,  416.44444444],
        [ 615.22222222,  481.55555556],
        [ 493.77777778,  410.66666667]],

       [[ 670.77777778,  457.77777778],
        [ 615.22222222,  481.55555556],
        [ 616.44444444,  416.44444444]],

       [[ 615.22222222,  481.55555556],
        [ 670.77777778,  457.77777778],
        [ 667.44444444,  471.66666667]],

       [[ 568.22222222,  624.        ],
        [ 615.22222222,  481.55555556],
        [ 627.        ,  638.55555556]],

       [[ 568.22222222,  624.        ],
        [ 487.66666667,  625.77777778],
        [ 473.11111111,  469.22222222]],

       [[ 615.22222222,  481.55555556],
        [ 568.22222222,  624.        ],
        [ 473.11111111,  469.22222222]],

       [[ 549.77777778,  725.33333333],
        [ 565.88888889,  673.66666667],
        [ 633.22222222,  746.77777778]],

       [[ 565.88888889,  673.66666667],
        [ 627.        ,  638.55555556],
        [ 633.22222222,  746.77777778]],

       [[ 565.88888889,  673.66666667],
        [ 568.22222222,  624.        ],
        [ 627.        ,  638.55555556]],

       [[ 565.88888889,  673.66666667],
        [ 549.77777778,  725.33333333],
        [ 487.66666667,  625.77777778]],

       [[ 568.22222222,  624.        ],
        [ 565.88888889,  673.66666667],
        [ 487.66666667,  625.77777778]],

       [[1000.        , 1000.        ],
        [ 771.        ,  616.33333333],
        [1000.        ,    0.        ]],

       [[ 771.        ,  616.33333333],
        [ 748.11111111,  426.55555556],
        [1000.        ,    0.        ]],

       [[ 633.22222222,  746.77777778],
        [ 771.        ,  616.33333333],
        [1000.        , 1000.        ]],

       [[ 627.        ,  638.55555556],
        [ 771.        ,  616.33333333],
        [ 633.22222222,  746.77777778]],

       [[ 549.77777778,  725.33333333],
        [ 548.66666667,  749.11111111],
        [ 462.55555556,  741.33333333]],

       [[ 548.66666667,  749.11111111],
        [ 544.66666667,  794.11111111],
        [ 462.55555556,  741.33333333]],

       [[ 548.66666667,  749.11111111],
        [ 549.77777778,  725.33333333],
        [ 633.22222222,  746.77777778]],

       [[ 544.66666667,  794.11111111],
        [ 548.66666667,  749.11111111],
        [ 633.22222222,  746.77777778]],

       [[ 673.44444444,  498.33333333],
        [ 615.22222222,  481.55555556],
        [ 667.44444444,  471.66666667]],

       [[ 615.22222222,  481.55555556],
        [ 673.44444444,  498.33333333],
        [ 627.        ,  638.55555556]],

       [[ 673.44444444,  498.33333333],
        [ 771.        ,  616.33333333],
        [ 627.        ,  638.55555556]],

       [[ 771.        ,  616.33333333],
        [ 713.        ,  483.22222222],
        [ 748.11111111,  426.55555556]],

       [[ 673.44444444,  498.33333333],
        [ 713.        ,  483.22222222],
        [ 771.        ,  616.33333333]],

       [[ 713.        ,  483.22222222],
        [ 670.77777778,  457.77777778],
        [ 748.11111111,  426.55555556]],

       [[ 670.77777778,  457.77777778],
        [ 713.        ,  483.22222222],
        [ 667.44444444,  471.66666667]],

       [[ 713.        ,  483.22222222],
        [ 673.44444444,  498.33333333],
        [ 667.44444444,  471.66666667]]]), array([[[1000.        ,    0.        ],
        [ 521.66666667,    4.        ],
        [   0.        ,    0.        ]],

       [[ 259.66666667,  580.        ],
        [   0.        , 1000.        ],
        [   0.        ,    0.        ]],

       [[ 521.66666667,    4.        ],
        [ 330.33333333,  406.33333333],
        [   0.        ,    0.        ]],

       [[ 330.33333333,  406.33333333],
        [ 259.66666667,  580.        ],
        [   0.        ,    0.        ]],

       [[ 543.        ,  933.        ],
        [1000.        , 1000.        ],
        [   0.        , 1000.        ]],

       [[ 681.66666667,  395.33333333],
        [ 521.66666667,    4.        ],
        [1000.        ,    0.        ]],

       [[ 749.66666667,  426.33333333],
        [ 681.66666667,  395.33333333],
        [1000.        ,    0.        ]],

       [[ 413.        ,  382.        ],
        [ 330.33333333,  406.33333333],
        [ 521.66666667,    4.        ]],

       [[ 330.33333333,  406.33333333],
        [ 370.33333333,  468.66666667],
        [ 259.66666667,  580.        ]],

       [[ 259.66666667,  580.        ],
        [ 462.33333333,  735.        ],
        [   0.        , 1000.        ]],

       [[ 462.33333333,  735.        ],
        [ 543.        ,  933.        ],
        [   0.        , 1000.        ]],

       [[ 413.        ,  382.        ],
        [ 415.66666667,  437.        ],
        [ 330.33333333,  406.33333333]],

       [[ 370.33333333,  468.66666667],
        [ 415.66666667,  437.        ],
        [ 418.66666667,  455.33333333]],

       [[ 415.66666667,  437.        ],
        [ 370.33333333,  468.66666667],
        [ 330.33333333,  406.33333333]],

       [[ 490.66666667,  404.        ],
        [ 413.        ,  382.        ],
        [ 521.66666667,    4.        ]],

       [[ 415.66666667,  437.        ],
        [ 472.66666667,  465.33333333],
        [ 418.66666667,  455.33333333]],

       [[ 472.66666667,  465.33333333],
        [ 415.66666667,  437.        ],
        [ 413.        ,  382.        ]],

       [[ 490.66666667,  404.        ],
        [ 472.66666667,  465.33333333],
        [ 413.        ,  382.        ]],

       [[ 486.        ,  617.66666667],
        [ 462.33333333,  735.        ],
        [ 259.66666667,  580.        ]],

       [[ 681.66666667,  395.33333333],
        [ 614.66666667,  411.66666667],
        [ 521.66666667,    4.        ]],

       [[ 614.66666667,  411.66666667],
        [ 490.66666667,  404.        ],
        [ 521.66666667,    4.        ]],

       [[ 370.33333333,  468.66666667],
        [ 420.66666667,  480.        ],
        [ 259.66666667,  580.        ]],

       [[ 420.66666667,  480.        ],
        [ 486.        ,  617.66666667],
        [ 259.66666667,  580.        ]],

       [[ 420.66666667,  480.        ],
        [ 370.33333333,  468.66666667],
        [ 418.66666667,  455.33333333]],

       [[ 472.66666667,  465.33333333],
        [ 420.66666667,  480.        ],
        [ 418.66666667,  455.33333333]],

       [[ 486.        ,  617.66666667],
        [ 420.66666667,  480.        ],
        [ 472.66666667,  465.33333333]],

       [[ 543.        ,  933.        ],
        [ 632.33333333,  740.66666667],
        [1000.        , 1000.        ]],

       [[ 486.        ,  617.66666667],
        [ 548.66666667,  718.        ],
        [ 462.33333333,  735.        ]],

       [[ 670.66666667,  454.66666667],
        [ 614.66666667,  411.66666667],
        [ 681.66666667,  395.33333333]],

       [[ 670.66666667,  454.66666667],
        [ 681.66666667,  395.33333333],
        [ 749.66666667,  426.33333333]],

       [[ 462.33333333,  735.        ],
        [ 545.        ,  787.66666667],
        [ 543.        ,  933.        ]],

       [[ 545.        ,  787.66666667],
        [ 632.33333333,  740.66666667],
        [ 543.        ,  933.        ]],

       [[ 615.33333333,  478.33333333],
        [ 472.66666667,  465.33333333],
        [ 490.66666667,  404.        ]],

       [[ 614.66666667,  411.66666667],
        [ 615.33333333,  478.33333333],
        [ 490.66666667,  404.        ]],

       [[ 670.66666667,  454.66666667],
        [ 615.33333333,  478.33333333],
        [ 614.66666667,  411.66666667]],

       [[ 615.33333333,  478.33333333],
        [ 670.66666667,  454.66666667],
        [ 667.66666667,  469.        ]],

       [[ 565.33333333,  615.        ],
        [ 615.33333333,  478.33333333],
        [ 625.        ,  629.33333333]],

       [[ 565.33333333,  615.        ],
        [ 486.        ,  617.66666667],
        [ 472.66666667,  465.33333333]],

       [[ 615.33333333,  478.33333333],
        [ 565.33333333,  615.        ],
        [ 472.66666667,  465.33333333]],

       [[ 548.66666667,  718.        ],
        [ 563.33333333,  664.        ],
        [ 632.33333333,  740.66666667]],

       [[ 563.33333333,  664.        ],
        [ 625.        ,  629.33333333],
        [ 632.33333333,  740.66666667]],

       [[ 563.33333333,  664.        ],
        [ 565.33333333,  615.        ],
        [ 625.        ,  629.33333333]],

       [[ 563.33333333,  664.        ],
        [ 548.66666667,  718.        ],
        [ 486.        ,  617.66666667]],

       [[ 565.33333333,  615.        ],
        [ 563.33333333,  664.        ],
        [ 486.        ,  617.66666667]],

       [[1000.        , 1000.        ],
        [ 772.        ,  610.        ],
        [1000.        ,    0.        ]],

       [[ 772.        ,  610.        ],
        [ 749.66666667,  426.33333333],
        [1000.        ,    0.        ]],

       [[ 632.33333333,  740.66666667],
        [ 772.        ,  610.        ],
        [1000.        , 1000.        ]],

       [[ 625.        ,  629.33333333],
        [ 772.        ,  610.        ],
        [ 632.33333333,  740.66666667]],

       [[ 548.66666667,  718.        ],
        [ 548.        ,  742.66666667],
        [ 462.33333333,  735.        ]],

       [[ 548.        ,  742.66666667],
        [ 545.        ,  787.66666667],
        [ 462.33333333,  735.        ]],

       [[ 548.        ,  742.66666667],
        [ 548.66666667,  718.        ],
        [ 632.33333333,  740.66666667]],

       [[ 545.        ,  787.66666667],
        [ 548.        ,  742.66666667],
        [ 632.33333333,  740.66666667]],

       [[ 672.66666667,  495.        ],
        [ 615.33333333,  478.33333333],
        [ 667.66666667,  469.        ]],

       [[ 615.33333333,  478.33333333],
        [ 672.66666667,  495.        ],
        [ 625.        ,  629.33333333]],

       [[ 672.66666667,  495.        ],
        [ 772.        ,  610.        ],
        [ 625.        ,  629.33333333]],

       [[ 772.        ,  610.        ],
        [ 713.        ,  481.33333333],
        [ 749.66666667,  426.33333333]],

       [[ 672.66666667,  495.        ],
        [ 713.        ,  481.33333333],
        [ 772.        ,  610.        ]],

       [[ 713.        ,  481.33333333],
        [ 670.66666667,  454.66666667],
        [ 749.66666667,  426.33333333]],

       [[ 670.66666667,  454.66666667],
        [ 713.        ,  481.33333333],
        [ 667.66666667,  469.        ]],

       [[ 713.        ,  481.33333333],
        [ 672.66666667,  495.        ],
        [ 667.66666667,  469.        ]]]), array([[[1000.        ,    0.        ],
        [ 522.55555556,    4.        ],
        [   0.        ,    0.        ]],

       [[ 260.55555556,  575.66666667],
        [   0.        , 1000.        ],
        [   0.        ,    0.        ]],

       [[ 522.55555556,    4.        ],
        [ 327.44444444,  402.77777778],
        [   0.        ,    0.        ]],

       [[ 327.44444444,  402.77777778],
        [ 260.55555556,  575.66666667],
        [   0.        ,    0.        ]],

       [[ 544.        ,  928.33333333],
        [1000.        , 1000.        ],
        [   0.        , 1000.        ]],

       [[ 683.88888889,  391.11111111],
        [ 522.55555556,    4.        ],
        [1000.        ,    0.        ]],

       [[ 751.22222222,  426.11111111],
        [ 683.88888889,  391.11111111],
        [1000.        ,    0.        ]],

       [[ 406.66666667,  374.        ],
        [ 327.44444444,  402.77777778],
        [ 522.55555556,    4.        ]],

       [[ 327.44444444,  402.77777778],
        [ 370.44444444,  465.88888889],
        [ 260.55555556,  575.66666667]],

       [[ 260.55555556,  575.66666667],
        [ 462.11111111,  728.66666667],
        [   0.        , 1000.        ]],

       [[ 462.11111111,  728.66666667],
        [ 544.        ,  928.33333333],
        [   0.        , 1000.        ]],

       [[ 406.66666667,  374.        ],
        [ 415.22222222,  434.33333333],
        [ 327.44444444,  402.77777778]],

       [[ 370.44444444,  465.88888889],
        [ 415.22222222,  434.33333333],
        [ 418.22222222,  451.77777778]],

       [[ 415.22222222,  434.33333333],
        [ 370.44444444,  465.88888889],
        [ 327.44444444,  402.77777778]],

       [[ 487.55555556,  397.33333333],
        [ 406.66666667,  374.        ],
        [ 522.55555556,    4.        ]],

       [[ 415.22222222,  434.33333333],
        [ 472.22222222,  461.44444444],
        [ 418.22222222,  451.77777778]],

       [[ 472.22222222,  461.44444444],
        [ 415.22222222,  434.33333333],
        [ 406.66666667,  374.        ]],

       [[ 487.55555556,  397.33333333],
        [ 472.22222222,  461.44444444],
        [ 406.66666667,  374.        ]],

       [[ 484.33333333,  609.55555556],
        [ 462.11111111,  728.66666667],
        [ 260.55555556,  575.66666667]],

       [[ 683.88888889,  391.11111111],
        [ 612.88888889,  406.88888889],
        [ 522.55555556,    4.        ]],

       [[ 612.88888889,  406.88888889],
        [ 487.55555556,  397.33333333],
        [ 522.55555556,    4.        ]],

       [[ 370.44444444,  465.88888889],
        [ 420.55555556,  476.66666667],
        [ 260.55555556,  575.66666667]],

       [[ 420.55555556,  476.66666667],
        [ 484.33333333,  609.55555556],
        [ 260.55555556,  575.66666667]],

       [[ 420.55555556,  476.66666667],
        [ 370.44444444,  465.88888889],
        [ 418.22222222,  451.77777778]],

       [[ 472.22222222,  461.44444444],
        [ 420.55555556,  476.66666667],
        [ 418.22222222,  451.77777778]],

       [[ 484.33333333,  609.55555556],
        [ 420.55555556,  476.66666667],
        [ 472.22222222,  461.44444444]],

       [[ 544.        ,  928.33333333],
        [ 631.44444444,  734.55555556],
        [1000.        , 1000.        ]],

       [[ 484.33333333,  609.55555556],
        [ 547.55555556,  710.66666667],
        [ 462.11111111,  728.66666667]],

       [[ 670.55555556,  451.55555556],
        [ 612.88888889,  406.88888889],
        [ 683.88888889,  391.11111111]],

       [[ 670.55555556,  451.55555556],
        [ 683.88888889,  391.11111111],
        [ 751.22222222,  426.11111111]],

       [[ 462.11111111,  728.66666667],
        [ 545.33333333,  781.22222222],
        [ 544.        ,  928.33333333]],

       [[ 545.33333333,  781.22222222],
        [ 631.44444444,  734.55555556],
        [ 544.        ,  928.33333333]],

       [[ 615.44444444,  475.11111111],
        [ 472.22222222,  461.44444444],
        [ 487.55555556,  397.33333333]],

       [[ 612.88888889,  406.88888889],
        [ 615.44444444,  475.11111111],
        [ 487.55555556,  397.33333333]],

       [[ 670.55555556,  451.55555556],
        [ 615.44444444,  475.11111111],
        [ 612.88888889,  406.88888889]],

       [[ 615.44444444,  475.11111111],
        [ 670.55555556,  451.55555556],
        [ 667.88888889,  466.33333333]],

       [[ 562.44444444,  606.        ],
        [ 615.44444444,  475.11111111],
        [ 623.        ,  620.11111111]],

       [[ 562.44444444,  606.        ],
        [ 484.33333333,  609.55555556],
        [ 472.22222222,  461.44444444]],

       [[ 615.44444444,  475.11111111],
        [ 562.44444444,  606.        ],
        [ 472.22222222,  461.44444444]],

       [[ 547.55555556,  710.66666667],
        [ 560.77777778,  654.33333333],
        [ 631.44444444,  734.55555556]],

       [[ 560.77777778,  654.33333333],
        [ 623.        ,  620.11111111],
        [ 631.44444444,  734.55555556]],

       [[ 560.77777778,  654.33333333],
        [ 562.44444444,  606.        ],
        [ 623.        ,  620.11111111]],

       [[ 560.77777778,  654.33333333],
        [ 547.55555556,  710.66666667],
        [ 484.33333333,  609.55555556]],

       [[ 562.44444444,  606.        ],
        [ 560.77777778,  654.33333333],
        [ 484.33333333,  609.55555556]],

       [[1000.        , 1000.        ],
        [ 773.        ,  603.66666667],
        [1000.        ,    0.        ]],

       [[ 773.        ,  603.66666667],
        [ 751.22222222,  426.11111111],
        [1000.        ,    0.        ]],

       [[ 631.44444444,  734.55555556],
        [ 773.        ,  603.66666667],
        [1000.        , 1000.        ]],

       [[ 623.        ,  620.11111111],
        [ 773.        ,  603.66666667],
        [ 631.44444444,  734.55555556]],

       [[ 547.55555556,  710.66666667],
        [ 547.33333333,  736.22222222],
        [ 462.11111111,  728.66666667]],

       [[ 547.33333333,  736.22222222],
        [ 545.33333333,  781.22222222],
        [ 462.11111111,  728.66666667]],

       [[ 547.33333333,  736.22222222],
        [ 547.55555556,  710.66666667],
        [ 631.44444444,  734.55555556]],

       [[ 545.33333333,  781.22222222],
        [ 547.33333333,  736.22222222],
        [ 631.44444444,  734.55555556]],

       [[ 671.88888889,  491.66666667],
        [ 615.44444444,  475.11111111],
        [ 667.88888889,  466.33333333]],

       [[ 615.44444444,  475.11111111],
        [ 671.88888889,  491.66666667],
        [ 623.        ,  620.11111111]],

       [[ 671.88888889,  491.66666667],
        [ 773.        ,  603.66666667],
        [ 623.        ,  620.11111111]],

       [[ 773.        ,  603.66666667],
        [ 713.        ,  479.44444444],
        [ 751.22222222,  426.11111111]],

       [[ 671.88888889,  491.66666667],
        [ 713.        ,  479.44444444],
        [ 773.        ,  603.66666667]],

       [[ 713.        ,  479.44444444],
        [ 670.55555556,  451.55555556],
        [ 751.22222222,  426.11111111]],

       [[ 670.55555556,  451.55555556],
        [ 713.        ,  479.44444444],
        [ 667.88888889,  466.33333333]],

       [[ 713.        ,  479.44444444],
        [ 671.88888889,  491.66666667],
        [ 667.88888889,  466.33333333]]]), array([[[1000.        ,    0.        ],
        [ 523.44444444,    4.        ],
        [   0.        ,    0.        ]],

       [[ 261.44444444,  571.33333333],
        [   0.        , 1000.        ],
        [   0.        ,    0.        ]],

       [[ 523.44444444,    4.        ],
        [ 324.55555556,  399.22222222],
        [   0.        ,    0.        ]],

       [[ 324.55555556,  399.22222222],
        [ 261.44444444,  571.33333333],
        [   0.        ,    0.        ]],

       [[ 545.        ,  923.66666667],
        [1000.        , 1000.        ],
        [   0.        , 1000.        ]],

       [[ 686.11111111,  386.88888889],
        [ 523.44444444,    4.        ],
        [1000.        ,    0.        ]],

       [[ 752.77777778,  425.88888889],
        [ 686.11111111,  386.88888889],
        [1000.        ,    0.        ]],

       [[ 400.33333333,  366.        ],
        [ 324.55555556,  399.22222222],
        [ 523.44444444,    4.        ]],

       [[ 324.55555556,  399.22222222],
        [ 370.55555556,  463.11111111],
        [ 261.44444444,  571.33333333]],

       [[ 261.44444444,  571.33333333],
        [ 461.88888889,  722.33333333],
        [   0.        , 1000.        ]],

       [[ 461.88888889,  722.33333333],
        [ 545.        ,  923.66666667],
        [   0.        , 1000.        ]],

       [[ 400.33333333,  366.        ],
        [ 414.77777778,  431.66666667],
        [ 324.55555556,  399.22222222]],

       [[ 370.55555556,  463.11111111],
        [ 414.77777778,  431.66666667],
        [ 417.77777778,  448.22222222]],

       [[ 414.77777778,  431.66666667],
        [ 370.55555556,  463.11111111],
        [ 324.55555556,  399.22222222]],

       [[ 484.44444444,  390.66666667],
        [ 400.33333333,  366.        ],
        [ 523.44444444,    4.        ]],

       [[ 414.77777778,  431.66666667],
        [ 471.77777778,  457.55555556],
        [ 417.77777778,  448.22222222]],

       [[ 471.77777778,  457.55555556],
        [ 414.77777778,  431.66666667],
        [ 400.33333333,  366.        ]],

       [[ 484.44444444,  390.66666667],
        [ 471.77777778,  457.55555556],
        [ 400.33333333,  366.        ]],

       [[ 482.66666667,  601.44444444],
        [ 461.88888889,  722.33333333],
        [ 261.44444444,  571.33333333]],

       [[ 686.11111111,  386.88888889],
        [ 611.11111111,  402.11111111],
        [ 523.44444444,    4.        ]],

       [[ 611.11111111,  402.11111111],
        [ 484.44444444,  390.66666667],
        [ 523.44444444,    4.        ]],

       [[ 370.55555556,  463.11111111],
        [ 420.44444444,  473.33333333],
        [ 261.44444444,  571.33333333]],

       [[ 420.44444444,  473.33333333],
        [ 482.66666667,  601.44444444],
        [ 261.44444444,  571.33333333]],

       [[ 420.44444444,  473.33333333],
        [ 370.55555556,  463.11111111],
        [ 417.77777778,  448.22222222]],

       [[ 471.77777778,  457.55555556],
        [ 420.44444444,  473.33333333],
        [ 417.77777778,  448.22222222]],

       [[ 482.66666667,  601.44444444],
        [ 420.44444444,  473.33333333],
        [ 471.77777778,  457.55555556]],

       [[ 545.        ,  923.66666667],
        [ 630.55555556,  728.44444444],
        [1000.        , 1000.        ]],

       [[ 482.66666667,  601.44444444],
        [ 546.44444444,  703.33333333],
        [ 461.88888889,  722.33333333]],

       [[ 670.44444444,  448.44444444],
        [ 611.11111111,  402.11111111],
        [ 686.11111111,  386.88888889]],

       [[ 670.44444444,  448.44444444],
        [ 686.11111111,  386.88888889],
        [ 752.77777778,  425.88888889]],

       [[ 461.88888889,  722.33333333],
        [ 545.66666667,  774.77777778],
        [ 545.        ,  923.66666667]],

       [[ 545.66666667,  774.77777778],
        [ 630.55555556,  728.44444444],
        [ 545.        ,  923.66666667]],

       [[ 615.55555556,  471.88888889],
        [ 471.77777778,  457.55555556],
        [ 484.44444444,  390.66666667]],

       [[ 611.11111111,  402.11111111],
        [ 615.55555556,  471.88888889],
        [ 484.44444444,  390.66666667]],

       [[ 670.44444444,  448.44444444],
        [ 615.55555556,  471.88888889],
        [ 611.11111111,  402.11111111]],

       [[ 615.55555556,  471.88888889],
        [ 670.44444444,  448.44444444],
        [ 668.11111111,  463.66666667]],

       [[ 559.55555556,  597.        ],
        [ 615.55555556,  471.88888889],
        [ 621.        ,  610.88888889]],

       [[ 559.55555556,  597.        ],
        [ 482.66666667,  601.44444444],
        [ 471.77777778,  457.55555556]],

       [[ 615.55555556,  471.88888889],
        [ 559.55555556,  597.        ],
        [ 471.77777778,  457.55555556]],

       [[ 546.44444444,  703.33333333],
        [ 558.22222222,  644.66666667],
        [ 630.55555556,  728.44444444]],

       [[ 558.22222222,  644.66666667],
        [ 621.        ,  610.88888889],
        [ 630.55555556,  728.44444444]],

       [[ 558.22222222,  644.66666667],
        [ 559.55555556,  597.        ],
        [ 621.        ,  610.88888889]],

       [[ 558.22222222,  644.66666667],
        [ 546.44444444,  703.33333333],
        [ 482.66666667,  601.44444444]],

       [[ 559.55555556,  597.        ],
        [ 558.22222222,  644.66666667],
        [ 482.66666667,  601.44444444]],

       [[1000.        , 1000.        ],
        [ 774.        ,  597.33333333],
        [1000.        ,    0.        ]],

       [[ 774.        ,  597.33333333],
        [ 752.77777778,  425.88888889],
        [1000.        ,    0.        ]],

       [[ 630.55555556,  728.44444444],
        [ 774.        ,  597.33333333],
        [1000.        , 1000.        ]],

       [[ 621.        ,  610.88888889],
        [ 774.        ,  597.33333333],
        [ 630.55555556,  728.44444444]],

       [[ 546.44444444,  703.33333333],
        [ 546.66666667,  729.77777778],
        [ 461.88888889,  722.33333333]],

       [[ 546.66666667,  729.77777778],
        [ 545.66666667,  774.77777778],
        [ 461.88888889,  722.33333333]],

       [[ 546.66666667,  729.77777778],
        [ 546.44444444,  703.33333333],
        [ 630.55555556,  728.44444444]],

       [[ 545.66666667,  774.77777778],
        [ 546.66666667,  729.77777778],
        [ 630.55555556,  728.44444444]],

       [[ 671.11111111,  488.33333333],
        [ 615.55555556,  471.88888889],
        [ 668.11111111,  463.66666667]],

       [[ 615.55555556,  471.88888889],
        [ 671.11111111,  488.33333333],
        [ 621.        ,  610.88888889]],

       [[ 671.11111111,  488.33333333],
        [ 774.        ,  597.33333333],
        [ 621.        ,  610.88888889]],

       [[ 774.        ,  597.33333333],
        [ 713.        ,  477.55555556],
        [ 752.77777778,  425.88888889]],

       [[ 671.11111111,  488.33333333],
        [ 713.        ,  477.55555556],
        [ 774.        ,  597.33333333]],

       [[ 713.        ,  477.55555556],
        [ 670.44444444,  448.44444444],
        [ 752.77777778,  425.88888889]],

       [[ 670.44444444,  448.44444444],
        [ 713.        ,  477.55555556],
        [ 668.11111111,  463.66666667]],

       [[ 713.        ,  477.55555556],
        [ 671.11111111,  488.33333333],
        [ 668.11111111,  463.66666667]]]), array([[[1000.        ,    0.        ],
        [ 524.33333333,    4.        ],
        [   0.        ,    0.        ]],

       [[ 262.33333333,  567.        ],
        [   0.        , 1000.        ],
        [   0.        ,    0.        ]],

       [[ 524.33333333,    4.        ],
        [ 321.66666667,  395.66666667],
        [   0.        ,    0.        ]],

       [[ 321.66666667,  395.66666667],
        [ 262.33333333,  567.        ],
        [   0.        ,    0.        ]],

       [[ 546.        ,  919.        ],
        [1000.        , 1000.        ],
        [   0.        , 1000.        ]],

       [[ 688.33333333,  382.66666667],
        [ 524.33333333,    4.        ],
        [1000.        ,    0.        ]],

       [[ 754.33333333,  425.66666667],
        [ 688.33333333,  382.66666667],
        [1000.        ,    0.        ]],

       [[ 394.        ,  358.        ],
        [ 321.66666667,  395.66666667],
        [ 524.33333333,    4.        ]],

       [[ 321.66666667,  395.66666667],
        [ 370.66666667,  460.33333333],
        [ 262.33333333,  567.        ]],

       [[ 262.33333333,  567.        ],
        [ 461.66666667,  716.        ],
        [   0.        , 1000.        ]],

       [[ 461.66666667,  716.        ],
        [ 546.        ,  919.        ],
        [   0.        , 1000.        ]],

       [[ 394.        ,  358.        ],
        [ 414.33333333,  429.        ],
        [ 321.66666667,  395.66666667]],

       [[ 370.66666667,  460.33333333],
        [ 414.33333333,  429.        ],
        [ 417.33333333,  444.66666667]],

       [[ 414.33333333,  429.        ],
        [ 370.66666667,  460.33333333],
        [ 321.66666667,  395.66666667]],

       [[ 481.33333333,  384.        ],
        [ 394.        ,  358.        ],
        [ 524.33333333,    4.        ]],

       [[ 414.33333333,  429.        ],
        [ 471.33333333,  453.66666667],
        [ 417.33333333,  444.66666667]],

       [[ 471.33333333,  453.66666667],
        [ 414.33333333,  429.        ],
        [ 394.        ,  358.        ]],

       [[ 481.33333333,  384.        ],
        [ 471.33333333,  453.66666667],
        [ 394.        ,  358.        ]],

       [[ 481.        ,  593.33333333],
        [ 461.66666667,  716.        ],
        [ 262.33333333,  567.        ]],

       [[ 688.33333333,  382.66666667],
        [ 609.33333333,  397.33333333],
        [ 524.33333333,    4.        ]],

       [[ 609.33333333,  397.33333333],
        [ 481.33333333,  384.        ],
        [ 524.33333333,    4.        ]],

       [[ 370.66666667,  460.33333333],
        [ 420.33333333,  470.        ],
        [ 262.33333333,  567.        ]],

       [[ 420.33333333,  470.        ],
        [ 481.        ,  593.33333333],
        [ 262.33333333,  567.        ]],

       [[ 420.33333333,  470.        ],
        [ 370.66666667,  460.33333333],
        [ 417.33333333,  444.66666667]],

       [[ 471.33333333,  453.66666667],
        [ 420.33333333,  470.        ],
        [ 417.33333333,  444.66666667]],

       [[ 481.        ,  593.33333333],
        [ 420.33333333,  470.        ],
        [ 471.33333333,  453.66666667]],

       [[ 546.        ,  919.        ],
        [ 629.66666667,  722.33333333],
        [1000.        , 1000.        ]],

       [[ 481.        ,  593.33333333],
        [ 545.33333333,  696.        ],
        [ 461.66666667,  716.        ]],

       [[ 670.33333333,  445.33333333],
        [ 609.33333333,  397.33333333],
        [ 688.33333333,  382.66666667]],

       [[ 670.33333333,  445.33333333],
        [ 688.33333333,  382.66666667],
        [ 754.33333333,  425.66666667]],

       [[ 461.66666667,  716.        ],
        [ 546.        ,  768.33333333],
        [ 546.        ,  919.        ]],

       [[ 546.        ,  768.33333333],
        [ 629.66666667,  722.33333333],
        [ 546.        ,  919.        ]],

       [[ 615.66666667,  468.66666667],
        [ 471.33333333,  453.66666667],
        [ 481.33333333,  384.        ]],

       [[ 609.33333333,  397.33333333],
        [ 615.66666667,  468.66666667],
        [ 481.33333333,  384.        ]],

       [[ 670.33333333,  445.33333333],
        [ 615.66666667,  468.66666667],
        [ 609.33333333,  397.33333333]],

       [[ 615.66666667,  468.66666667],
        [ 670.33333333,  445.33333333],
        [ 668.33333333,  461.        ]],

       [[ 556.66666667,  588.        ],
        [ 615.66666667,  468.66666667],
        [ 619.        ,  601.66666667]],

       [[ 556.66666667,  588.        ],
        [ 481.        ,  593.33333333],
        [ 471.33333333,  453.66666667]],

       [[ 615.66666667,  468.66666667],
        [ 556.66666667,  588.        ],
        [ 471.33333333,  453.66666667]],

       [[ 545.33333333,  696.        ],
        [ 555.66666667,  635.        ],
        [ 629.66666667,  722.33333333]],

       [[ 555.66666667,  635.        ],
        [ 619.        ,  601.66666667],
        [ 629.66666667,  722.33333333]],

       [[ 555.66666667,  635.        ],
        [ 556.66666667,  588.        ],
        [ 619.        ,  601.66666667]],

       [[ 555.66666667,  635.        ],
        [ 545.33333333,  696.        ],
        [ 481.        ,  593.33333333]],

       [[ 556.66666667,  588.        ],
        [ 555.66666667,  635.        ],
        [ 481.        ,  593.33333333]],

       [[1000.        , 1000.        ],
        [ 775.        ,  591.        ],
        [1000.        ,    0.        ]],

       [[ 775.        ,  591.        ],
        [ 754.33333333,  425.66666667],
        [1000.        ,    0.        ]],

       [[ 629.66666667,  722.33333333],
        [ 775.        ,  591.        ],
        [1000.        , 1000.        ]],

       [[ 619.        ,  601.66666667],
        [ 775.        ,  591.        ],
        [ 629.66666667,  722.33333333]],

       [[ 545.33333333,  696.        ],
        [ 546.        ,  723.33333333],
        [ 461.66666667,  716.        ]],

       [[ 546.        ,  723.33333333],
        [ 546.        ,  768.33333333],
        [ 461.66666667,  716.        ]],

       [[ 546.        ,  723.33333333],
        [ 545.33333333,  696.        ],
        [ 629.66666667,  722.33333333]],

       [[ 546.        ,  768.33333333],
        [ 546.        ,  723.33333333],
        [ 629.66666667,  722.33333333]],

       [[ 670.33333333,  485.        ],
        [ 615.66666667,  468.66666667],
        [ 668.33333333,  461.        ]],

       [[ 615.66666667,  468.66666667],
        [ 670.33333333,  485.        ],
        [ 619.        ,  601.66666667]],

       [[ 670.33333333,  485.        ],
        [ 775.        ,  591.        ],
        [ 619.        ,  601.66666667]],

       [[ 775.        ,  591.        ],
        [ 713.        ,  475.66666667],
        [ 754.33333333,  425.66666667]],

       [[ 670.33333333,  485.        ],
        [ 713.        ,  475.66666667],
        [ 775.        ,  591.        ]],

       [[ 713.        ,  475.66666667],
        [ 670.33333333,  445.33333333],
        [ 754.33333333,  425.66666667]],

       [[ 670.33333333,  445.33333333],
        [ 713.        ,  475.66666667],
        [ 668.33333333,  461.        ]],

       [[ 713.        ,  475.66666667],
        [ 670.33333333,  485.        ],
        [ 668.33333333,  461.        ]]]), array([[[1000.        ,    0.        ],
        [ 525.22222222,    4.        ],
        [   0.        ,    0.        ]],

       [[ 263.22222222,  562.66666667],
        [   0.        , 1000.        ],
        [   0.        ,    0.        ]],

       [[ 525.22222222,    4.        ],
        [ 318.77777778,  392.11111111],
        [   0.        ,    0.        ]],

       [[ 318.77777778,  392.11111111],
        [ 263.22222222,  562.66666667],
        [   0.        ,    0.        ]],

       [[ 547.        ,  914.33333333],
        [1000.        , 1000.        ],
        [   0.        , 1000.        ]],

       [[ 690.55555556,  378.44444444],
        [ 525.22222222,    4.        ],
        [1000.        ,    0.        ]],

       [[ 755.88888889,  425.44444444],
        [ 690.55555556,  378.44444444],
        [1000.        ,    0.        ]],

       [[ 387.66666667,  350.        ],
        [ 318.77777778,  392.11111111],
        [ 525.22222222,    4.        ]],

       [[ 318.77777778,  392.11111111],
        [ 370.77777778,  457.55555556],
        [ 263.22222222,  562.66666667]],

       [[ 263.22222222,  562.66666667],
        [ 461.44444444,  709.66666667],
        [   0.        , 1000.        ]],

       [[ 461.44444444,  709.66666667],
        [ 547.        ,  914.33333333],
        [   0.        , 1000.        ]],

       [[ 387.66666667,  350.        ],
        [ 413.88888889,  426.33333333],
        [ 318.77777778,  392.11111111]],

       [[ 370.77777778,  457.55555556],
        [ 413.88888889,  426.33333333],
        [ 416.88888889,  441.11111111]],

       [[ 413.88888889,  426.33333333],
        [ 370.77777778,  457.55555556],
        [ 318.77777778,  392.11111111]],

       [[ 478.22222222,  377.33333333],
        [ 387.66666667,  350.        ],
        [ 525.22222222,    4.        ]],

       [[ 413.88888889,  426.33333333],
        [ 470.88888889,  449.77777778],
        [ 416.88888889,  441.11111111]],

       [[ 470.88888889,  449.77777778],
        [ 413.88888889,  426.33333333],
        [ 387.66666667,  350.        ]],

       [[ 478.22222222,  377.33333333],
        [ 470.88888889,  449.77777778],
        [ 387.66666667,  350.        ]],

       [[ 479.33333333,  585.22222222],
        [ 461.44444444,  709.66666667],
        [ 263.22222222,  562.66666667]],

       [[ 690.55555556,  378.44444444],
        [ 607.55555556,  392.55555556],
        [ 525.22222222,    4.        ]],

       [[ 607.55555556,  392.55555556],
        [ 478.22222222,  377.33333333],
        [ 525.22222222,    4.        ]],

       [[ 370.77777778,  457.55555556],
        [ 420.22222222,  466.66666667],
        [ 263.22222222,  562.66666667]],

       [[ 420.22222222,  466.66666667],
        [ 479.33333333,  585.22222222],
        [ 263.22222222,  562.66666667]],

       [[ 420.22222222,  466.66666667],
        [ 370.77777778,  457.55555556],
        [ 416.88888889,  441.11111111]],

       [[ 470.88888889,  449.77777778],
        [ 420.22222222,  466.66666667],
        [ 416.88888889,  441.11111111]],

       [[ 479.33333333,  585.22222222],
        [ 420.22222222,  466.66666667],
        [ 470.88888889,  449.77777778]],

       [[ 547.        ,  914.33333333],
        [ 628.77777778,  716.22222222],
        [1000.        , 1000.        ]],

       [[ 479.33333333,  585.22222222],
        [ 544.22222222,  688.66666667],
        [ 461.44444444,  709.66666667]],

       [[ 670.22222222,  442.22222222],
        [ 607.55555556,  392.55555556],
        [ 690.55555556,  378.44444444]],

       [[ 670.22222222,  442.22222222],
        [ 690.55555556,  378.44444444],
        [ 755.88888889,  425.44444444]],

       [[ 461.44444444,  709.66666667],
        [ 546.33333333,  761.88888889],
        [ 547.        ,  914.33333333]],

       [[ 546.33333333,  761.88888889],
        [ 628.77777778,  716.22222222],
        [ 547.        ,  914.33333333]],

       [[ 615.77777778,  465.44444444],
        [ 470.88888889,  449.77777778],
        [ 478.22222222,  377.33333333]],

       [[ 607.55555556,  392.55555556],
        [ 615.77777778,  465.44444444],
        [ 478.22222222,  377.33333333]],

       [[ 670.22222222,  442.22222222],
        [ 615.77777778,  465.44444444],
        [ 607.55555556,  392.55555556]],

       [[ 615.77777778,  465.44444444],
        [ 670.22222222,  442.22222222],
        [ 668.55555556,  458.33333333]],

       [[ 553.77777778,  579.        ],
        [ 615.77777778,  465.44444444],
        [ 617.        ,  592.44444444]],

       [[ 553.77777778,  579.        ],
        [ 479.33333333,  585.22222222],
        [ 470.88888889,  449.77777778]],

       [[ 615.77777778,  465.44444444],
        [ 553.77777778,  579.        ],
        [ 470.88888889,  449.77777778]],

       [[ 544.22222222,  688.66666667],
        [ 553.11111111,  625.33333333],
        [ 628.77777778,  716.22222222]],

       [[ 553.11111111,  625.33333333],
        [ 617.        ,  592.44444444],
        [ 628.77777778,  716.22222222]],

       [[ 553.11111111,  625.33333333],
        [ 553.77777778,  579.        ],
        [ 617.        ,  592.44444444]],

       [[ 553.11111111,  625.33333333],
        [ 544.22222222,  688.66666667],
        [ 479.33333333,  585.22222222]],

       [[ 553.77777778,  579.        ],
        [ 553.11111111,  625.33333333],
        [ 479.33333333,  585.22222222]],

       [[1000.        , 1000.        ],
        [ 776.        ,  584.66666667],
        [1000.        ,    0.        ]],

       [[ 776.        ,  584.66666667],
        [ 755.88888889,  425.44444444],
        [1000.        ,    0.        ]],

       [[ 628.77777778,  716.22222222],
        [ 776.        ,  584.66666667],
        [1000.        , 1000.        ]],

       [[ 617.        ,  592.44444444],
        [ 776.        ,  584.66666667],
        [ 628.77777778,  716.22222222]],

       [[ 544.22222222,  688.66666667],
        [ 545.33333333,  716.88888889],
        [ 461.44444444,  709.66666667]],

       [[ 545.33333333,  716.88888889],
        [ 546.33333333,  761.88888889],
        [ 461.44444444,  709.66666667]],

       [[ 545.33333333,  716.88888889],
        [ 544.22222222,  688.66666667],
        [ 628.77777778,  716.22222222]],

       [[ 546.33333333,  761.88888889],
        [ 545.33333333,  716.88888889],
        [ 628.77777778,  716.22222222]],

       [[ 669.55555556,  481.66666667],
        [ 615.77777778,  465.44444444],
        [ 668.55555556,  458.33333333]],

       [[ 615.77777778,  465.44444444],
        [ 669.55555556,  481.66666667],
        [ 617.        ,  592.44444444]],

       [[ 669.55555556,  481.66666667],
        [ 776.        ,  584.66666667],
        [ 617.        ,  592.44444444]],

       [[ 776.        ,  584.66666667],
        [ 713.        ,  473.77777778],
        [ 755.88888889,  425.44444444]],

       [[ 669.55555556,  481.66666667],
        [ 713.        ,  473.77777778],
        [ 776.        ,  584.66666667]],

       [[ 713.        ,  473.77777778],
        [ 670.22222222,  442.22222222],
        [ 755.88888889,  425.44444444]],

       [[ 670.22222222,  442.22222222],
        [ 713.        ,  473.77777778],
        [ 668.55555556,  458.33333333]],

       [[ 713.        ,  473.77777778],
        [ 669.55555556,  481.66666667],
        [ 668.55555556,  458.33333333]]]), array([[[1000.        ,    0.        ],
        [ 526.11111111,    4.        ],
        [   0.        ,    0.        ]],

       [[ 264.11111111,  558.33333333],
        [   0.        , 1000.        ],
        [   0.        ,    0.        ]],

       [[ 526.11111111,    4.        ],
        [ 315.88888889,  388.55555556],
        [   0.        ,    0.        ]],

       [[ 315.88888889,  388.55555556],
        [ 264.11111111,  558.33333333],
        [   0.        ,    0.        ]],

       [[ 548.        ,  909.66666667],
        [1000.        , 1000.        ],
        [   0.        , 1000.        ]],

       [[ 692.77777778,  374.22222222],
        [ 526.11111111,    4.        ],
        [1000.        ,    0.        ]],

       [[ 757.44444444,  425.22222222],
        [ 692.77777778,  374.22222222],
        [1000.        ,    0.        ]],

       [[ 381.33333333,  342.        ],
        [ 315.88888889,  388.55555556],
        [ 526.11111111,    4.        ]],

       [[ 315.88888889,  388.55555556],
        [ 370.88888889,  454.77777778],
        [ 264.11111111,  558.33333333]],

       [[ 264.11111111,  558.33333333],
        [ 461.22222222,  703.33333333],
        [   0.        , 1000.        ]],

       [[ 461.22222222,  703.33333333],
        [ 548.        ,  909.66666667],
        [   0.        , 1000.        ]],

       [[ 381.33333333,  342.        ],
        [ 413.44444444,  423.66666667],
        [ 315.88888889,  388.55555556]],

       [[ 370.88888889,  454.77777778],
        [ 413.44444444,  423.66666667],
        [ 416.44444444,  437.55555556]],

       [[ 413.44444444,  423.66666667],
        [ 370.88888889,  454.77777778],
        [ 315.88888889,  388.55555556]],

       [[ 475.11111111,  370.66666667],
        [ 381.33333333,  342.        ],
        [ 526.11111111,    4.        ]],

       [[ 413.44444444,  423.66666667],
        [ 470.44444444,  445.88888889],
        [ 416.44444444,  437.55555556]],

       [[ 470.44444444,  445.88888889],
        [ 413.44444444,  423.66666667],
        [ 381.33333333,  342.        ]],

       [[ 475.11111111,  370.66666667],
        [ 470.44444444,  445.88888889],
        [ 381.33333333,  342.        ]],

       [[ 477.66666667,  577.11111111],
        [ 461.22222222,  703.33333333],
        [ 264.11111111,  558.33333333]],

       [[ 692.77777778,  374.22222222],
        [ 605.77777778,  387.77777778],
        [ 526.11111111,    4.        ]],

       [[ 605.77777778,  387.77777778],
        [ 475.11111111,  370.66666667],
        [ 526.11111111,    4.        ]],

       [[ 370.88888889,  454.77777778],
        [ 420.11111111,  463.33333333],
        [ 264.11111111,  558.33333333]],

       [[ 420.11111111,  463.33333333],
        [ 477.66666667,  577.11111111],
        [ 264.11111111,  558.33333333]],

       [[ 420.11111111,  463.33333333],
        [ 370.88888889,  454.77777778],
        [ 416.44444444,  437.55555556]],

       [[ 470.44444444,  445.88888889],
        [ 420.11111111,  463.33333333],
        [ 416.44444444,  437.55555556]],

       [[ 477.66666667,  577.11111111],
        [ 420.11111111,  463.33333333],
        [ 470.44444444,  445.88888889]],

       [[ 548.        ,  909.66666667],
        [ 627.88888889,  710.11111111],
        [1000.        , 1000.        ]],

       [[ 477.66666667,  577.11111111],
        [ 543.11111111,  681.33333333],
        [ 461.22222222,  703.33333333]],

       [[ 670.11111111,  439.11111111],
        [ 605.77777778,  387.77777778],
        [ 692.77777778,  374.22222222]],

       [[ 670.11111111,  439.11111111],
        [ 692.77777778,  374.22222222],
        [ 757.44444444,  425.22222222]],

       [[ 461.22222222,  703.33333333],
        [ 546.66666667,  755.44444444],
        [ 548.        ,  909.66666667]],

       [[ 546.66666667,  755.44444444],
        [ 627.88888889,  710.11111111],
        [ 548.        ,  909.66666667]],

       [[ 615.88888889,  462.22222222],
        [ 470.44444444,  445.88888889],
        [ 475.11111111,  370.66666667]],

       [[ 605.77777778,  387.77777778],
        [ 615.88888889,  462.22222222],
        [ 475.11111111,  370.66666667]],

       [[ 670.11111111,  439.11111111],
        [ 615.88888889,  462.22222222],
        [ 605.77777778,  387.77777778]],

       [[ 615.88888889,  462.22222222],
        [ 670.11111111,  439.11111111],
        [ 668.77777778,  455.66666667]],

       [[ 550.88888889,  570.        ],
        [ 615.88888889,  462.22222222],
        [ 615.        ,  583.22222222]],

       [[ 550.88888889,  570.        ],
        [ 477.66666667,  577.11111111],
        [ 470.44444444,  445.88888889]],

       [[ 615.88888889,  462.22222222],
        [ 550.88888889,  570.        ],
        [ 470.44444444,  445.88888889]],

       [[ 543.11111111,  681.33333333],
        [ 550.55555556,  615.66666667],
        [ 627.88888889,  710.11111111]],

       [[ 550.55555556,  615.66666667],
        [ 615.        ,  583.22222222],
        [ 627.88888889,  710.11111111]],

       [[ 550.55555556,  615.66666667],
        [ 550.88888889,  570.        ],
        [ 615.        ,  583.22222222]],

       [[ 550.55555556,  615.66666667],
        [ 543.11111111,  681.33333333],
        [ 477.66666667,  577.11111111]],

       [[ 550.88888889,  570.        ],
        [ 550.55555556,  615.66666667],
        [ 477.66666667,  577.11111111]],

       [[1000.        , 1000.        ],
        [ 777.        ,  578.33333333],
        [1000.        ,    0.        ]],

       [[ 777.        ,  578.33333333],
        [ 757.44444444,  425.22222222],
        [1000.        ,    0.        ]],

       [[ 627.88888889,  710.11111111],
        [ 777.        ,  578.33333333],
        [1000.        , 1000.        ]],

       [[ 615.        ,  583.22222222],
        [ 777.        ,  578.33333333],
        [ 627.88888889,  710.11111111]],

       [[ 543.11111111,  681.33333333],
        [ 544.66666667,  710.44444444],
        [ 461.22222222,  703.33333333]],

       [[ 544.66666667,  710.44444444],
        [ 546.66666667,  755.44444444],
        [ 461.22222222,  703.33333333]],

       [[ 544.66666667,  710.44444444],
        [ 543.11111111,  681.33333333],
        [ 627.88888889,  710.11111111]],

       [[ 546.66666667,  755.44444444],
        [ 544.66666667,  710.44444444],
        [ 627.88888889,  710.11111111]],

       [[ 668.77777778,  478.33333333],
        [ 615.88888889,  462.22222222],
        [ 668.77777778,  455.66666667]],

       [[ 615.88888889,  462.22222222],
        [ 668.77777778,  478.33333333],
        [ 615.        ,  583.22222222]],

       [[ 668.77777778,  478.33333333],
        [ 777.        ,  578.33333333],
        [ 615.        ,  583.22222222]],

       [[ 777.        ,  578.33333333],
        [ 713.        ,  471.88888889],
        [ 757.44444444,  425.22222222]],

       [[ 668.77777778,  478.33333333],
        [ 713.        ,  471.88888889],
        [ 777.        ,  578.33333333]],

       [[ 713.        ,  471.88888889],
        [ 670.11111111,  439.11111111],
        [ 757.44444444,  425.22222222]],

       [[ 670.11111111,  439.11111111],
        [ 713.        ,  471.88888889],
        [ 668.77777778,  455.66666667]],

       [[ 713.        ,  471.88888889],
        [ 668.77777778,  478.33333333],
        [ 668.77777778,  455.66666667]]]), array([[[1000.,    0.],
        [ 527.,    4.],
        [   0.,    0.]],

       [[ 265.,  554.],
        [   0., 1000.],
        [   0.,    0.]],

       [[ 527.,    4.],
        [ 313.,  385.],
        [   0.,    0.]],

       [[ 313.,  385.],
        [ 265.,  554.],
        [   0.,    0.]],

       [[ 549.,  905.],
        [1000., 1000.],
        [   0., 1000.]],

       [[ 695.,  370.],
        [ 527.,    4.],
        [1000.,    0.]],

       [[ 759.,  425.],
        [ 695.,  370.],
        [1000.,    0.]],

       [[ 375.,  334.],
        [ 313.,  385.],
        [ 527.,    4.]],

       [[ 313.,  385.],
        [ 371.,  452.],
        [ 265.,  554.]],

       [[ 265.,  554.],
        [ 461.,  697.],
        [   0., 1000.]],

       [[ 461.,  697.],
        [ 549.,  905.],
        [   0., 1000.]],

       [[ 375.,  334.],
        [ 413.,  421.],
        [ 313.,  385.]],

       [[ 371.,  452.],
        [ 413.,  421.],
        [ 416.,  434.]],

       [[ 413.,  421.],
        [ 371.,  452.],
        [ 313.,  385.]],

       [[ 472.,  364.],
        [ 375.,  334.],
        [ 527.,    4.]],

       [[ 413.,  421.],
        [ 470.,  442.],
        [ 416.,  434.]],

       [[ 470.,  442.],
        [ 413.,  421.],
        [ 375.,  334.]],

       [[ 472.,  364.],
        [ 470.,  442.],
        [ 375.,  334.]],

       [[ 476.,  569.],
        [ 461.,  697.],
        [ 265.,  554.]],

       [[ 695.,  370.],
        [ 604.,  383.],
        [ 527.,    4.]],

       [[ 604.,  383.],
        [ 472.,  364.],
        [ 527.,    4.]],

       [[ 371.,  452.],
        [ 420.,  460.],
        [ 265.,  554.]],

       [[ 420.,  460.],
        [ 476.,  569.],
        [ 265.,  554.]],

       [[ 420.,  460.],
        [ 371.,  452.],
        [ 416.,  434.]],

       [[ 470.,  442.],
        [ 420.,  460.],
        [ 416.,  434.]],

       [[ 476.,  569.],
        [ 420.,  460.],
        [ 470.,  442.]],

       [[ 549.,  905.],
        [ 627.,  704.],
        [1000., 1000.]],

       [[ 476.,  569.],
        [ 542.,  674.],
        [ 461.,  697.]],

       [[ 670.,  436.],
        [ 604.,  383.],
        [ 695.,  370.]],

       [[ 670.,  436.],
        [ 695.,  370.],
        [ 759.,  425.]],

       [[ 461.,  697.],
        [ 547.,  749.],
        [ 549.,  905.]],

       [[ 547.,  749.],
        [ 627.,  704.],
        [ 549.,  905.]],

       [[ 616.,  459.],
        [ 470.,  442.],
        [ 472.,  364.]],

       [[ 604.,  383.],
        [ 616.,  459.],
        [ 472.,  364.]],

       [[ 670.,  436.],
        [ 616.,  459.],
        [ 604.,  383.]],

       [[ 616.,  459.],
        [ 670.,  436.],
        [ 669.,  453.]],

       [[ 548.,  561.],
        [ 616.,  459.],
        [ 613.,  574.]],

       [[ 548.,  561.],
        [ 476.,  569.],
        [ 470.,  442.]],

       [[ 616.,  459.],
        [ 548.,  561.],
        [ 470.,  442.]],

       [[ 542.,  674.],
        [ 548.,  606.],
        [ 627.,  704.]],

       [[ 548.,  606.],
        [ 613.,  574.],
        [ 627.,  704.]],

       [[ 548.,  606.],
        [ 548.,  561.],
        [ 613.,  574.]],

       [[ 548.,  606.],
        [ 542.,  674.],
        [ 476.,  569.]],

       [[ 548.,  561.],
        [ 548.,  606.],
        [ 476.,  569.]],

       [[1000., 1000.],
        [ 778.,  572.],
        [1000.,    0.]],

       [[ 778.,  572.],
        [ 759.,  425.],
        [1000.,    0.]],

       [[ 627.,  704.],
        [ 778.,  572.],
        [1000., 1000.]],

       [[ 613.,  574.],
        [ 778.,  572.],
        [ 627.,  704.]],

       [[ 542.,  674.],
        [ 544.,  704.],
        [ 461.,  697.]],

       [[ 544.,  704.],
        [ 547.,  749.],
        [ 461.,  697.]],

       [[ 544.,  704.],
        [ 542.,  674.],
        [ 627.,  704.]],

       [[ 547.,  749.],
        [ 544.,  704.],
        [ 627.,  704.]],

       [[ 668.,  475.],
        [ 616.,  459.],
        [ 669.,  453.]],

       [[ 616.,  459.],
        [ 668.,  475.],
        [ 613.,  574.]],

       [[ 668.,  475.],
        [ 778.,  572.],
        [ 613.,  574.]],

       [[ 778.,  572.],
        [ 713.,  470.],
        [ 759.,  425.]],

       [[ 668.,  475.],
        [ 713.,  470.],
        [ 778.,  572.]],

       [[ 713.,  470.],
        [ 670.,  436.],
        [ 759.,  425.]],

       [[ 670.,  436.],
        [ 713.,  470.],
        [ 669.,  453.]],

       [[ 713.,  470.],
        [ 668.,  475.],
        [ 669.,  453.]]])]



[[[1000    0]
  [ 527    4]
  [   0    0]]

 [[ 265  554]
  [   0 1000]
  [   0    0]]

 [[ 527    4]
  [ 313  385]
  [   0    0]]

 [[ 313  385]
  [ 265  554]
  [   0    0]]

 [[ 549  905]
  [1000 1000]
  [   0 1000]]

 [[ 695  370]
  [ 527    4]
  [1000    0]]

 [[ 759  425]
  [ 695  370]
  [1000    0]]

 [[ 375  334]
  [ 313  385]
  [ 527    4]]

 [[ 313  385]
  [ 371  452]
  [ 265  554]]

 [[ 265  554]
  [ 461  697]
  [   0 1000]]

 [[ 461  697]
  [ 549  905]
  [   0 1000]]

 [[ 375  334]
  [ 413  421]
  [ 313  385]]

 [[ 371  452]
  [ 413  421]
  [ 416  434]]

 [[ 413  421]
  [ 371  452]
  [ 313  385]]

 [[ 472  364]
  [ 375  334]
  [ 527    4]]

 [[ 413  421]
  [ 470  442]
  [ 416  434]]

 [[ 470  442]
  [ 413  421]
  [ 375  334]]

 [[ 472  364]
  [ 470  442]
  [ 375  334]]

 [[ 476  569]
  [ 461  697]
  [ 265  554]]

 [[ 695  370]
  [ 604  383]
  [ 527    4]]

 [[ 604  383]
  [ 472  364]
  [ 527    4]]

 [[ 371  452]
  [ 420  460]
  [ 265  554]]

 [[ 420  460]
  [ 476  569]
  [ 265  554]]

 [[ 420  460]
  [ 371  452]
  [ 416  434]]

 [[ 470  442]
  [ 420  460]
  [ 416  434]]

 [[ 476  569]
  [ 420  460]
  [ 470  442]]

 [[ 549  905]
  [ 627  704]
  [1000 1000]]

 [[ 476  569]
  [ 542  674]
  [ 461  697]]

 [[ 670  436]
  [ 604  383]
  [ 695  370]]

 [[ 670  436]
  [ 695  370]
  [ 759  425]]

 [[ 461  697]
  [ 547  749]
  [ 549  905]]

 [[ 547  749]
  [ 627  704]
  [ 549  905]]

 [[ 616  459]
  [ 470  442]
  [ 472  364]]

 [[ 604  383]
  [ 616  459]
  [ 472  364]]

 [[ 670  436]
  [ 616  459]
  [ 604  383]]

 [[ 616  459]
  [ 670  436]
  [ 669  453]]

 [[ 548  561]
  [ 616  459]
  [ 613  574]]

 [[ 548  561]
  [ 476  569]
  [ 470  442]]

 [[ 616  459]
  [ 548  561]
  [ 470  442]]

 [[ 542  674]
  [ 548  606]
  [ 627  704]]

 [[ 548  606]
  [ 613  574]
  [ 627  704]]

 [[ 548  606]
  [ 548  561]
  [ 613  574]]

 [[ 548  606]
  [ 542  674]
  [ 476  569]]

 [[ 548  561]
  [ 548  606]
  [ 476  569]]

 [[1000 1000]
  [ 778  572]
  [1000    0]]

 [[ 778  572]
  [ 759  425]
  [1000    0]]

 [[ 627  704]
  [ 778  572]
  [1000 1000]]

 [[ 613  574]
  [ 778  572]
  [ 627  704]]

 [[ 542  674]
  [ 544  704]
  [ 461  697]]

 [[ 544  704]
  [ 547  749]
  [ 461  697]]

 [[ 544  704]
  [ 542  674]
  [ 627  704]]

 [[ 547  749]
  [ 544  704]
  [ 627  704]]

 [[ 668  475]
  [ 616  459]
  [ 669  453]]

 [[ 616  459]
  [ 668  475]
  [ 613  574]]

 [[ 668  475]
  [ 778  572]
  [ 613  574]]

 [[ 778  572]
  [ 713  470]
  [ 759  425]]

 [[ 668  475]
  [ 713  470]
  [ 778  572]]

 [[ 713  470]
  [ 670  436]
  [ 759  425]]

 [[ 670  436]
  [ 713  470]
  [ 669  453]]

 [[ 713  470]
  [ 668  475]
  [ 669  453]]]
